image_width: 640
image_height: 400
camera_name: narrow_stereo/left
camera_matrix:
  rows: 3
  cols: 3
  # K
  data: [434.95325,   0.     , 317.94036,
           0.     , 435.16725, 205.97109,
           0.     ,   0.     ,   1.     ]
distortion_model: plumb_bob
distortion_coefficients:
  rows: 1
  cols: 5
  # D
  data: [0.069749, -0.138931, 0.002781, -0.000061, 0.000000]
rectification_matrix:
  rows: 3
  cols: 3
  data: [ 0.99991934, -0.00888018, -0.00908076,
          0.00894209,  0.9999369 ,  0.00679928,
          0.00901981, -0.00687993,  0.99993565]
projection_matrix:
  rows: 3
  cols: 4
 #P  
  data: [449.59432,   0.     , 331.80346,   0.     ,
           0.     , 449.59432, 203.92864,   0.     ,
           0.     ,   0.     ,   1.     ,   0.     ]
