image_width: 640
image_height: 400
camera_name: narrow_stereo
camera_matrix:
  rows: 3
  cols: 3
  data: [551.65492,   0.     , 320.08091,
           0.     , 552.63877, 206.42908,
           0.     ,   0.     ,   1.     ]
distortion_model: plumb_bob
distortion_coefficients:
  rows: 1
  cols: 5
  data: [0.080276, -0.196500, 0.004197, 0.000037, 0.000000]
rectification_matrix:
  rows: 3
  cols: 3
  data: [1., 0., 0.,
         0., 1., 0.,
         0., 0., 1.]
projection_matrix:
  rows: 3
  cols: 4
  data: [553.70331,   0.     , 319.6051 ,   0.     ,
           0.     , 555.68396, 206.9679 ,   0.     ,
           0.     ,   0.     ,   1.     ,   0.     ]
