image_width: 640
image_height: 400
camera_name: narrow_stereo/right
camera_matrix:
  rows: 3
  cols: 3
  # K
  data: [435.89226,   0.     , 321.95903,
           0.     , 436.29866, 197.37017,
           0.     ,   0.     ,   1.     ]
distortion_model: plumb_bob
distortion_coefficients:
  rows: 1
  cols: 5
  # D
  data: [0.041849, -0.059572, 0.003564, 0.001715, 0.000000]
rectification_matrix:
  rows: 3
  cols: 3
  data: [ 0.99969342,  0.00327505, -0.02454268,
         -0.00344286,  0.99997097, -0.00679802,
          0.02451971,  0.00688043,  0.99967567]
projection_matrix:
  rows: 3
  cols: 4
 #P  
  data: [449.59432,   0.     , 331.80346, -33.75446,
           0.     , 449.59432, 203.92864,   0.     ,
           0.     ,   0.     ,   1.     ,   0.     ]
