image_width: 640
image_height: 400
camera_name: narrow_stereo/right
camera_matrix:
  rows: 3
  cols: 3
  # K
  data: [427.65993,   0.     , 321.15395,
           0.     , 427.59265, 195.4265 ,
           0.     ,   0.     ,   1.     ]
distortion_model: plumb_bob
distortion_coefficients:
  rows: 1
  cols: 5
  # D
  data: [0.085168, -0.200509, 0.003253, -0.000173, 0.000000]
rectification_matrix:
  rows: 3
  cols: 3
  data: [ 0.65717809, -0.08479906, -0.74894998,
          0.07321952,  0.99613398, -0.04853856,
          0.75017055, -0.02293928,  0.66084637]
projection_matrix:
  rows: 3
  cols: 4
  # P
  data: [15053.49444,     0.     ,  3892.0159 , -1200.67153,
             0.     , 15053.49444,  2266.83304,     0.     ,
             0.     ,     0.     ,     1.     ,     0.     ]
